0 0.0
0.5 0.0
1 0.0
1.5 0.0
2 0.0
2.5 0.0
3 0.0
3.5 0.0
4 0.0
4.5 0.0
5 0.0
5.5 0.0
6 0.0
6.5 0.0
7 0.0
7.5 0.0
8 0.0
8.5 0.0
9 0.0
9.5 0.0
10 0.0
10.5 0.0
11 0.0
11.5 0.032000000000000001
12 0.14080000000000001
12.5 0.0
13 0.1472
13.5 0.1888
14 0.1696
14.5 0.1696
15 0.2016
15.5 0.19839999999999999
16 0.21759999999999999
16.5 0.2112
17 0.2016
17.5 0.16
18 0.0448
18.5 0.1216
19 0.15040000000000001
19.5 0.18240000000000001
20 0.19839999999999999
20.5 0.19839999999999999
21 0.2016
21.5 0.17599999999999999
22 0.16320000000000001
22.5 0.19520000000000001
23 0.070400000000000004
23.5 0.0
24 0.0
24.5 0.0
25 0.0
25.5 0.14080000000000001
26 0.19839999999999999
26.5 0.2016
27 0.2016
27.5 0.19839999999999999
28 0.2016
28.5 0.19839999999999999
29 0.19839999999999999
29.5 0.2016
30 0.18240000000000001
30.5 0.17599999999999999
31 0.18240000000000001
31.5 0.192
32 0.19839999999999999
32.5 0.20480000000000001
33 0.2016
33.5 0.192
34 0.21440000000000001
34.5 0.21759999999999999
35 0.2016
35.5 0.192
36 0.19520000000000001
36.5 0.19839999999999999
37 0.2016
37.5 0.192
38 0.2208
38.5 0.19520000000000001
39 0.2016
39.5 0.18240000000000001
40 0.2016
40.5 0.2208
41 0.1888
41.5 0.20799999999999999
42 0.2016
42.5 0.18240000000000001
43 0.17599999999999999
43.5 0.19839999999999999
44 0.2016
44.5 0.028799999999999999
45 0.0
45.5 0.19520000000000001
46 0.16
46.5 0.0
47 0.041599999999999998
47.5 0.17599999999999999
48 0.2016
48.5 0.23039999999999999
49 0.19839999999999999
49.5 0.038399999999999997
50 0.0448
50.5 0.035200000000000002
51 0.0
51.5 0.0
52 0.0
52.5 0.0
53 0.0
53.5 0.0
54 0.0
54.5 0.0
55 0.0
55.5 0.0
56 0.0
56.5 0.0
57 0.0
57.5 0.0
58 0.0
58.5 0.0
59 0.0
59.5 0.0
